//sens = 39; //  0x15B00039
sens = 40; // 0x15B00040

if(sens == 39)
    a0 = 3.175107897E+02;   
    b1 = 2.683434727E+00;
    b2 = -8.912972570E-04;
    b3 = -1.001126990E-05;
    b4 = 1.813212164E-08;
    b5 = -7.003857032E-12;
else
    a0 = 3.161753258E+02;
    b1 = 2.694674830E+00;
    b2 = -1.012573343E-03;
    b3 = -9.156342751E-06;
    b4 = 1.546117984E-08;
    b5 = -4.078555504E-12;
end

pix = [1:288];
wavelength = a0 + b1.*pix + b2.*pix.^2 + b3.*pix.^3 + b4.*pix.^4 + b5.*pix.^5;


